120

279
2 0 1
2 6 1
2 12 1
2 16 0
2 24 3
3 0 2
3 6 2
3 12 2
3 16 0
3 24 3
4 0 1
4 6 1
4 12 1
4 16 0
4 24 3
5 0 2
5 6 2
5 12 2
5 16 0
5 24 3
6 0 1
6 6 1
6 12 1
6 16 0
6 24 3
7 0 2
7 6 2
7 12 2
7 16 0
7 24 3
8 0 1
8 6 1
8 12 1
8 16 0
8 24 3
9 0 2
9 6 2
9 12 2
9 16 0
9 24 3
10 4 1
10 8 3
10 12 1
10 16 3
10 20 2
10 24 3
10 30 1
11 0 0
11 8 1
11 8 2
11 12 3
12 4 2
12 8 1
12 12 2
12 16 1
12 20 0
12 24 1
12 30 2
13 0 3
13 8 1
13 8 2
13 12 3
14 4 1
14 8 3
14 12 1
14 16 3
14 20 2
14 24 3
14 30 1
15 0 0
15 8 1
15 8 2
15 12 3
16 4 2
16 8 1
16 12 2
16 16 1
16 20 0
16 24 1
16 30 2
17 0 3
17 8 1
17 8 2
17 12 3
18 8 3
18 20 2
18 24 1
18 28 0
19 8 0
19 16 1
20 8 3
20 20 2
20 24 1
20 28 0
21 8 0
21 16 1 
22 8 1
22 20 2
22 24 3
23 0 0
23 12 0
24 0 0
24 0 1
24 0 2
24 0 3
26 4 1
26 8 2
26 12 1
26 16 0
26 22 3
27 4 1
27 8 0
27 12 1
27 16 0
27 22 1
27 28 3
28 4 1
28 8 2
28 12 1
28 16 0
28 22 3
29 4 1
29 8 0
29 12 1
29 16 0
29 22 1
29 28 3
30 4 1
30 8 2
30 12 1
30 16 0
30 22 3
31 4 1
31 8 0
31 12 1
31 16 0
31 22 1
31 28 3
32 4 1
32 8 2
32 12 1
32 16 0
32 22 3
33 4 1
33 8 0
33 12 1
33 16 0
33 22 1
33 28 3
34 0 1
34 6 1
34 12 1
34 16 0
34 24 3
35 0 2
35 6 2
35 12 2
35 16 0
35 24 3
36 4 1
36 8 3
36 12 1
36 16 3
36 20 2
36 24 3
36 30 1
37 0 0
37 8 1
37 8 2
37 12 3
38 4 2
38 8 1
38 12 2
38 16 1
38 20 0
38 24 1
38 30 2
39 0 3
39 8 1
39 8 2
39 12 3
40 4 1
40 8 3
40 12 1
40 16 3
40 20 2
40 24 3
40 30 1
41 0 0
41 8 1
41 8 2
41 12 3
42 4 2
42 8 1
42 12 2
42 16 1
42 20 0
42 24 1
42 30 2
43 0 3
43 8 1
43 8 2
43 12 3
44 8 3
44 20 2
44 24 1
44 28 0
45 8 0
45 16 1
46 8 3
46 20 2
46 24 1
46 28 0
47 8 0
47 16 1 
48 8 1
48 20 2
48 24 3
49 0 0
49 12 0
50 0 0
50 0 1
50 0 2
50 0 3
52 4 1
52 8 2
52 12 1
52 16 0
52 22 3
53 4 1
53 8 0
53 12 1
53 16 0
53 22 1
53 28 3
54 4 1
54 8 2
54 12 1
54 16 0
54 22 3
55 4 1
55 8 0
55 12 1
55 16 0
55 22 1
55 28 3
56 4 1
56 8 2
56 12 1
56 16 0
56 22 3
57 4 1
57 8 0
57 12 1
57 16 0
57 22 1
57 28 3
58 4 1
58 8 2
58 12 1
58 16 0
58 22 3
59 4 1
59 8 0
59 12 1
59 16 0
59 22 1
59 28 3
60 4 1
60 8 2
60 12 1
60 16 0
60 22 3
61 4 1
61 8 0
61 12 1
61 16 0
61 22 1
61 28 3